0,3.63885091766610191,3.66066203404671509,3.59782992474589625
0.00117560015358922723,3.63826176167726789,3.66013923695440235,3.5972985945366216
0.00235120030717845445,3.63777267097003199,3.65971412964454812,3.59686584318984881
0.0035268004607676819,3.63735160112473954,3.65935499577424084,3.5964997972594972
0.00708703906140612135,3.6363411658022442,3.65858971027707103,3.59571846834050968
0.0106472776620445617,3.63549284087988989,3.65789938040279861,3.59501358510876878
0.0142075162626830002,3.63474556428042295,3.65731030731863793,3.59441186255682243
0.0217839718252285548,3.63332946933613155,3.65628768518099712,3.59336722347019411
0.0293604273877741094,3.63209751559952077,3.65544520134138251,3.59250674341541165
0.0369368829503196675,3.63098087619347298,3.654666408891595,3.59171150456828725
0.0445133385128652151,3.62994452935855172,3.65395516265475084,3.5909853918901149
0.0621369028997449738,3.62773309883601192,3.6525193575227588,3.58952007285701624
0.0797604672866247394,3.62574024623719993,3.65129013313874662,3.58826612430037972
0.0973840316735044981,3.62389368283719548,3.65014655722866799,3.58709996400771036
0.115007596060384257,3.62215439950590445,3.64907662451322468,3.58600925477404964
0.147590434948745686,3.61915934770209757,3.64729450607524353,3.58419330621043697
0.180173273837107129,3.61636838263850002,3.64564872191696709,3.58251706427543981
0.212756112725468571,3.6137347862444531,3.64415117541052602,3.58099246218343348
0.245338951613830042,3.61123278083851851,3.64274542677793312,3.57956184705796021
0.277921790502191512,3.60884248606557101,3.64143476781087383,3.57822846745421552
0.33188888048548576,3.6050902773451079,3.63940746182119979,3.57616684062148016
0.385855970468780063,3.60155271292732726,3.63752422237348094,3.57425257201297164
0.43982306045207431,3.59819869908210421,3.63572699739630822,3.57242641977280373
0.493790150435368613,3.59500810512964009,3.63404511925161122,3.57071810580116322
0.547757240418662916,3.59196559976565544,3.63245955256708086,3.56910815709840312
0.644857230094301292,3.58682760758195274,3.62976146096086039,3.56636965408846818
0.741957219769939669,3.58207247396985906,3.62725897036716027,3.56383088050002561
0.839057209445578045,3.57765750715752473,3.62490950962236269,3.56144833876359312
0.936157199121216421,3.57354975191816315,3.62267755379992495,3.5591857749429594
1.03325718879685469,3.56972084146024882,3.62054247516534478,3.55702212038974919
1.26291283305861923,3.56164292957629547,3.61586398518303032,3.55228339104646462
1.49256847732038378,3.55470068275799767,3.61160300508324328,3.54797022976160203
1.72222412158214855,3.5486616058403686,3.60769368904191801,3.54401522297482741
1.95187976584391309,3.54335287937296117,3.60406442239486369,3.54034533616372382
2.18153541010567809,3.53863807259197261,3.6006665930977344,3.5369110133687709
2.4816153771536853,3.53318814533130032,3.59651291827321629,3.53271472729785163
2.78169534420169295,3.52833580447667794,3.59267308209606995,3.52883760224556697
3.08177531124970017,3.5238935219263352,3.58908944570608623,3.52522105554450382
3.38185527829770782,3.51970868899393707,3.58573074161051153,3.52183330562578334
3.68193524534571504,3.51567323885929728,3.58256362099069481,3.51864054911721214
4.15467157100827844,3.50951075577463145,3.57787633123602156,3.5139188990762249
4.62740789667084229,3.50345617692564826,3.57341329786165707,3.50942793029173083
5.10014422233340614,3.49745872451746509,3.56894067605184784,3.50493305305786462
5.57288054799596821,3.49146509993885568,3.56408006259044896,3.50005535800863754
6.04561687365853118,3.48541439257236485,3.55829074030710979,3.49425373701282771
6.59276307833384489,3.47826599448761931,3.5497608274561312,3.48571501629809744
6.96995797818816509,3.4731555535630152,3.54297124012800557,3.47892259054480846
7.34715287804248707,3.46793831841151245,3.53617468080342912,3.47212569427305695
7.64989097568883381,3.46384687193044671,3.53123258102750404,3.4671850864698599
7.95262907333518054,3.46004725020040205,3.526996593789681,3.46295211897423538
8.25536717098152728,3.456662429822567,3.5234744709331407,3.45943450625801585
8.55810526862787668,3.45369351962864268,3.52054116062876643,3.45650720753267304
8.86084336627422253,3.45109891892471676,3.51806095878596814,3.45403448395010004
9.28327504603176834,3.44797449805503398,3.51511472908028733,3.45110110373181378
9.70570672578931415,3.44527431724659206,3.51254298258825459,3.44854500500631111
10.1281384055468582,3.44286200971500556,3.51019488774095345,3.4462153703462346
10.550570085304404,3.44062094223322079,3.5079929395600371,3.44403471051550092
10.9730017650619498,3.43843812714628827,3.50590231258446838,3.44196824003081714
11.5789491365210555,3.43518777502741868,3.50308323036465952,3.43918887393657702
12.1848965079801594,3.43153598188162912,3.50049005332856833,3.43664148861298502
12.7908438794392616,3.42723826138883192,3.49813492539082249,3.43433850878601232
13.3967912508983655,3.42208089135207016,3.49598626167172322,3.4322486048594012
14.0027386223574712,3.41610498285821196,3.49391363321900483,3.43024159719071609
14.6228886464138288,3.40897245164905094,3.49158988317654329,3.42799257592409701
15.2430386704701881,3.40088438813485228,3.48863759068143509,3.42512313335558316
15.8631886945265457,3.39151909833935372,3.48456905359314906,3.42114606080278305
16.4833387185829032,3.38073750809192752,3.4789537706285385,3.41563155278258535
16.9706574233757657,3.37092093064170539,3.47327375490031676,3.41003774419198269
17.3716017001373331,3.3616259714157799,3.4677211414811171,3.40456097557657733
17.7725459768989005,3.35109674077822728,3.46136974887590965,3.39829016091172509
18.1734902536604643,3.3391702061326507,3.45421706283176899,3.39122307393336797
18.5744345304220282,3.32590604991788696,3.44622619833364796,3.38332314941806356
18.975378807183592,3.31117397227384647,3.43726989647462755,3.37446345158200156
19.4959933361154008,3.28981571040415188,3.42362880969579031,3.36095690330463492
20.0166078650472059,3.2652329592134115,3.40600606936088512,3.34347989388696831
20.172792223726745,3.25712714232053235,3.39940464995131997,3.33692453877503858
20.3289765824062911,3.24853646975497679,3.391905116255991,3.32947220909615016
20.4851609410858337,3.23943904254002879,3.38326998772807075,3.32088545897703069
20.6413452997653764,3.2296808367963652,3.37319977304541396,3.3108648334040307
20.7975296584449225,3.2192590861292234,3.36132098310575866,3.29903688098717573
21.0515842112206109,3.19999999999999973,3.33690819615692957,3.27470954620367261
